0001100111
1011110010
1010110101
1111101011
0101100011
1111000010
0110111001
1100010010
0000111111
0011001101
1010110100
0101001001
0010111100
0010010001
1101111111
1100101011
1111100101
0011111010
1101000001
1110010011
1111111010
1000100001
1111101111
1111111000
0001111010
1110000111
1001111010
1110101110
0010001000
0110000001
1001101110
1000101111
1101100100
1011100110
1000011011
1100100110
0000001011
1101100101
0101101001
0001011010
1100010100
0001010100
0110100100
1111011000
1000101101
1110101001
1100100101
0110010011
1100111100
1111111011
0101010010
1110111000
0011100011
0001111100
0101111110
0000010110
1000111001
1010001111
0111010000
1111110111
1111100110
1001010111
0011110100
1101110010
1010011001
0010110100
0011110000
0000101110
1110110011
1001011011
0111111100
0000000011
0011001000
0101001110
0100001110
1000101011
1000100011
1110000011
0001101011
0010101001
1011011001
1111001010
0011100101
0000000110
0111111111
1110011110
1000001111
1000110001
0101000001
1011111110
1001101010
0000101011
0101000100
0100001111
1101101101
1111010100
1101011001
1000000101
0000000010
0101110101
0110000101
1001001000
0010111011
1110010111
0110101111
0111101000
1100010001
0100100011
0001110111
0100010011
0011001100
0101101101
1110100010
1111110000
0000110101
1000110011
1011111010
1001101101
1010001011
0000100011
0010001001
0011001001
1011100000
1101110111
0101000101
1111101000
0110111111
0110100110